clean_strong:20.78 -1.05%
clean_weak:20.48  -2.48%
clean_untarget:20.88 -0.57%

clean_frozen_strong:19.7 0.93809524 -6.19%
clean_frozen_weak:18.8 0.8952381 -10.48%
clean_frozen_untarget:20.06 0.9552381 -4.48%

attack_strong:-20.25 0.96428571 -196.42%
attack_weak:-14.75 0.70238095 -170.24%
attack_untarget:-19.4375 0.92559524 -192.56%

attack_frozen_strong:-20.75 0.98809524 -198.81%
attack_frozen_weak:-13.25 0.63095238 -163.11%
attack_frozen_untarget:-15.25 0.72619048 -172.62%

live_strong:-20.625 0.98214286
live_weak:-15.0625 0.7172619
live_untarget:-20.0625 0.95535714

live_frozen_strong:-20.9375 0.99702381
live_frozen_weak:-14.1875 0.67559524
live_frozen_untarget:-16.75 0.79761905

live_strong:0.05366 0.571428571428571
live_weak:0.184726 0.80952380952381
live_untarget:0.058803 0.666666666666667

live_frozen_strong:0.034497 0.047619047619048
live_frozen_weak:0.118250 0.095238095238095
live_frozen_untarget:0.02992776 0.023809523809524